32119 -550
15
60 1350 5 9500 36000 4 4 0
Syracuse
470 220 8 8000 30000 2 11 0
Taras
1150 450 4 8500 11000 1 6 0
Corcyra
1570 1230 3 9600 45000 5 10 0
Pylos
1825 1340 0 8120 20000 1 9 0
Port of Sparta
1860 400 7 7300 27500 1 3 0
Port of Larissa
1875 1005 6 9000 33000 5 1 0
Corinth
1860 750 9 6600 33000 3 0 2
Port of Theba
2070 1000 1 7200 30000 6 5 0
Piraeus
2400 1770 10 6600 30000 6 7 0
Knossos
2900 1080 2 7600 35000 0 8 0
Milet
3130 1500 11 6800 10000 6 2 0
Lindos
64 1025 3 8000 30000 4 100 0
Messana
440 670 7 8000 25000 6 100 0
Croton
1380 1033 9 7700 27500 3 100 7
Zakynthos
12
0 15 1 0 1
Sparta
1 1 0 1 0
Athena
11 25 0 0 0
Milet
6 27 0 1 0
Pylos
2 25 2 0 1
Corcyra
8 31 1 0 0
Syracuse
4 30 2 2 0
Corinth
10 31 0 0 0
Larissa
9 15 2 0 0
Taras
3 0 1 0 2
Theba
5 25 1 0 0
Knossos
7 31 2 0 0
Lindos
9
1957.84 767.666 218.176 1 2 100 5
2 100 22
2 100 22
2 100 22
2 100 22
2 100 22
0
2277.27 1472.25 201.584 2 1 56 7
1 100 18
1 100 18
1 100 18
1 100 18
2 100 22
2 100 22
2 100 22
10 1100 440
1032.97 689.765 274.979 3 1 88 4
1 100 18
2 100 22
2 100 22
2 100 22
2 1100 440
714.071 1515.17 13.5544 5 1 70 6
2 100 22
2 100 22
2 100 22
2 100 22
2 100 22
2 100 22
12 2166.02 923.372
1314.77 1262.04 60.7844 6 1 74 6
2 86 7
2 71 4
2 100 22
2 100 22
2 85 22
2 100 22
25 1860 750
2456.01 943.95 76.2467 7 1 56 7
2 100 22
2 100 22
2 100 22
2 100 22
2 100 22
0 100 16
0 100 16
16 1100 440
600.095 1035.72 137.975 8 1 56 7
1 100 18
1 100 18
1 100 18
1 100 18
1 100 18
1 100 18
1 100 18
2 120 1400
1793.56 1688.96 193.819 10 1 56 7
1 100 18
1 100 18
1 100 18
1 100 18
1 100 18
1 100 18
1 100 18
5 1100 440
2491.65 1622.01 207.824 11 1 56 7
1 100 18
1 100 18
1 100 18
1 100 18
1 100 18
1 100 18
1 100 18
9 120 1400
