28800 -550
15
60 1350 5 9500 30000 4 4 0
Syracuse
470 220 8 8000 30000 2 11 0
Taras
1150 450 4 8500 10000 1 6 0
Corcyra
1570 1230 3 9600 30000 5 10 0
Pylos
1825 1340 0 8300 20000 1 9 0
Port of Sparta
1860 400 7 7300 25000 1 3 0
Port of Larissa
1875 1005 6 9000 30000 5 1 0
Corinth
1860 750 9 6600 30000 3 0 0
Port of Theba
2070 1000 1 7200 30000 6 5 0
Piraeus
2400 1770 10 6600 30000 6 7 0
Knossos
2900 1080 2 7600 25000 0 8 0
Milet
3130 1500 11 6800 10000 6 2 0
Lindos
64 1025 3 8000 25000 4 100 0
Messana
440 670 7 8000 25000 6 100 0
Croton
1380 1033 9 8000 25000 3 100 0
Zakynthos
12
0 25 1 0 0
Sparta
1 25 0 0 0
Athena
11 25 0 0 0
Milet
6 27 0 0 0
Pylos
2 25 2 0 0
Corcyra
8 31 1 0 0
Syracuse
4 30 2 0 0
Corinth
10 31 0 0 0
Larissa
9 15 2 0 0
Taras
3 25 1 0 0
Theba
5 25 1 0 0
Knossos
7 31 2 0 0
Lindos
12
1845 1400 40 0 2 100 8
2 100 22
2 100 22
2 100 22
2 100 22
2 100 22
2 100 22
2 100 22
2 100 22
0
2080 1070 50 1 2 100 8
2 100 22
2 100 22
2 100 22
2 100 22
2 100 22
2 100 22
2 100 22
2 100 22
0
2840 1120 190 2 2 100 7
1 100 18
1 100 18
1 100 18
1 100 18
2 100 22
2 100 22
2 100 22
0
1520 1250 230 3 2 100 7
1 100 18
1 100 18
1 100 18
1 100 18
2 100 22
2 100 22
2 100 22
0
1100 440 50 4 2 100 6
1 100 18
1 100 18
1 100 18
1 100 18
1 100 18
1 100 18
0
120 1400 330 5 2 100 6
2 100 22
2 100 22
2 100 22
2 100 22
2 100 22
2 100 22
0
1875 950 190 6 2 100 8
2 100 22
2 100 22
2 100 22
2 100 22
2 100 22
2 100 22
2 100 22
2 100 22
0
1915 400 0 7 2 100 7
2 100 22
2 100 22
2 100 22
2 100 22
2 100 22
0 100 16
0 100 16
0
510 300 0 8 2 100 7
1 100 18
1 100 18
1 100 18
1 100 18
1 100 18
1 100 18
1 100 18
0
1930 750 30 9 2 100 7
1 100 18
1 100 18
1 100 18
1 100 18
1 100 18
1 100 18
1 100 18
0
2400 1730 0 10 2 100 7
1 100 18
1 100 18
1 100 18
1 100 18
1 100 18
1 100 18
1 100 18
0
3150 1540 130 11 2 100 7
1 100 18
1 100 18
1 100 18
1 100 18
1 100 18
1 100 18
1 100 18
0
