7300 -549
15
60 1350 5 14136 36000 4 4 9
Syracuse
470 220 8 11216 30000 2 11 0
Taras
1150 450 4 7832 10000 1 6 0
Corcyra
1570 1230 3 15522 45000 5 10 0
Pylos
1825 1340 0 6794 20000 1 9 3
Port of Sparta
1860 400 7 9274 27500 1 3 0
Port of Larissa
1875 1005 6 14513 33000 5 1 3
Corinth
1860 750 9 11049 33000 3 0 2
Port of Theba
2070 1000 1 7627 30000 6 5 0
Piraeus
2400 1770 10 11505 33000 6 7 3
Knossos
2900 1080 2 12159 35000 0 8 0
Milet
3130 1500 11 7174 10000 6 2 3
Lindos
64 1025 3 10880 30000 4 100 0
Messana
440 670 7 11619 25000 6 100 5
Croton
1380 1033 9 12028 27500 3 100 3
Zakynthos
12
0 -1.3 1 8 2
Sparta
1 0.566673 0 3 2
Athena
11 324.22 0 2 0
Milet
6 2.02 0 6 3
Pylos
2 5.52 2 2 5
Corcyra
8 -5.2 1 1 1
Syracuse
4 0 2 0 2
Corinth
10 20.74 0 0 1
Larissa
9 5.43334 2 1 4
Taras
3 -0.586667 1 0 1
Theba
5 -0.586667 1 0 1
Knossos
7 0 2 0 2
Lindos
8
1098.22 784.871 227.326 2 1 50 12
1 100 18
2 100 22
2 100 22
2 100 22
4 100 16
4 100 16
2 100 22
2 100 22
2 100 22
2 100 22
2 100 22
2 100 22
3 1130.63 483.372
1783.88 1684.54 193.705 1 1 53 6
2 100 22
2 100 22
2 100 22
2 100 22
2 100 22
2 100 22
2 1028.38 1068.14
2449.86 918.958 76.2366 7 1 53 3
2 100 22
2 100 22
2 100 22
13 676.012 941.815
728.156 971.036 209.265 3 1 94 1
4 100 16
0
149 1099 41.0424 3 2 100 2
4 100 16
4 100 16
0
2054 1024 123.69 1 2 99 4
2 100 22
2 100 22
2 100 22
0 100 16
0
1166 408 290.854 4 2 99 3
2 100 22
2 100 22
2 100 22
0
396 241 164.157 8 2 99 3
4 100 16
4 100 16
4 100 16
0
