30852 -550
15
60 1350 5 9500 36000 4 4 0
Syracuse
470 220 8 8000 30000 2 11 0
Taras
1150 450 4 8500 11000 1 6 0
Corcyra
1570 1230 3 9480 45000 5 10 0
Pylos
1825 1340 0 8300 20000 1 9 0
Port of Sparta
1860 400 7 7300 27500 1 3 0
Port of Larissa
1875 1005 6 9000 33000 5 1 0
Corinth
1860 750 9 6600 33000 3 0 2
Port of Theba
2070 1000 1 7200 30000 6 5 0
Piraeus
2400 1770 10 6600 30000 6 7 0
Knossos
2900 1080 2 7600 35000 0 8 0
Milet
3130 1500 11 6800 10000 6 2 0
Lindos
64 1025 3 8000 30000 4 100 0
Messana
440 670 7 8000 25000 6 100 0
Croton
1380 1033 9 7700 27500 3 100 7
Zakynthos
12
0 25 1 1 0
Sparta
1 1 0 1 0
Athena
11 25 0 0 0
Milet
6 10 0 0 1
Pylos
2 25 2 0 0
Corcyra
8 31 1 0 0
Syracuse
4 30 2 1 0
Corinth
10 31 0 0 0
Larissa
9 15 2 0 0
Taras
3 0 1 0 2
Theba
5 25 1 0 0
Knossos
7 31 2 0 0
Lindos
10
1534.25 1287.92 261.894 0 1 74 7
2 49 6
2 0 0
2 81 6
2 68 1
2 81 0
2 68 2
2 100 22
2 1520 1250
1970.6 777.702 218.175 1 1 84 5
2 100 22
2 100 22
2 100 22
2 100 22
2 100 22
2 1930 750
2568.19 1560.96 185.518 2 1 74 7
1 100 18
1 100 18
1 100 18
1 100 18
2 100 22
2 100 22
2 100 22
11 1100 440
1087.88 679.947 80.5553 4 1 88 6
1 100 18
1 100 18
1 100 18
1 100 18
1 100 18
1 100 18
14 2166.02 923.372
377.358 1433.99 13.5544 5 1 88 6
2 100 22
2 100 22
2 100 22
2 100 22
2 100 22
2 100 22
12 2166.02 923.372
1358.36 991.14 164.681 6 1 92 7
2 100 22
2 100 22
2 100 22
2 100 22
2 100 22
2 100 22
2 100 22
27 1860 750
2358.65 654.276 67.9033 7 1 74 7
2 100 22
2 100 22
2 100 22
2 100 22
2 100 22
0 100 16
0 100 16
17 1100 440
715.05 789.059 81.1334 8 1 74 7
1 100 18
1 100 18
1 100 18
1 100 18
1 100 18
1 100 18
1 100 18
3 120 1400
2039.94 1579.42 132.82 10 1 74 7
1 100 18
1 100 18
1 100 18
1 100 18
1 100 18
1 100 18
1 100 18
8 1100 440
2764.5 1761.26 205.803 11 1 74 7
1 100 18
1 100 18
1 100 18
1 100 18
1 100 18
1 100 18
1 100 18
10 120 1400
