9003 -549
15
60 1350 5 14338 36000 4 4 0
Syracuse
470 220 8 12060 30000 2 11 6
Taras
1150 450 4 7196 11000 1 6 6
Corcyra
1570 1230 3 16072 33000 5 10 1
Pylos
1825 1340 0 5736 20000 1 9 0
Port of Sparta
1860 400 7 8961 25000 1 3 0
Port of Larissa
1875 1005 6 12575 33000 5 1 6
Corinth
1860 750 9 11049 33000 3 0 2
Port of Theba
2070 1000 1 9452 30000 6 5 0
Piraeus
2400 1770 10 11169 30000 6 7 12
Knossos
2900 1080 2 11248 35000 0 8 12
Milet
3130 1500 11 4710 10000 6 2 0
Lindos
64 1025 3 11805 30000 4 100 6
Messana
440 670 7 11915 25000 6 100 6
Croton
1380 1033 9 11623 27500 3 100 0
Zakynthos
12
0 1.1 1 6 3
Sparta
1 1.33334 0 5 3
Athena
11 0 0 0 1
Milet
6 -1.6 0 1 1
Pylos
2 0 2 1 3
Corcyra
8 116.647 1 7 0
Syracuse
4 0 2 1 5
Corinth
10 23.2867 0 2 1
Larissa
9 0 2 1 3
Taras
3 10.4667 1 0 2
Theba
5 0 1 0 1
Knossos
7 7.50666 2 1 2
Lindos
7
1649.71 883.694 184.091 5 1 89 13
2 100 22
2 100 22
2 100 22
4 100 16
4 100 16
4 100 16
4 100 16
4 100 16
4 100 16
4 100 16
4 100 16
4 100 16
4 100 16
17 1845.88 1424.87
2731.36 1532.87 199.637 11 1 71 2
4 100 16
4 100 16
20 1860 750
2369.22 1277.51 110.877 7 1 40 1
2 100 22
28 1867 965
1789.53 1683.76 29.4117 0 1 49 2
2 100 22
2 100 22
24 1860 750
1248.41 1144.82 60.7238 9 1 85 2
4 100 16
4 100 16
25 1860 750
2830.61 1568.28 199.637 11 1 77 3
4 100 16
4 100 16
4 100 16
20 1860 750
2072.86 1306.67 113.827 1 1 100 4
2 100 22
2 100 22
2 100 22
1 100 18
6 1830 1395
