29
100 100 64
MAGNA GRAECIA
350 1450 128
MEDITERRANEAN SEA
650 700 96
IONIAN SEA
1100 280 64
EPEIROS
1120 100 64
ILLYRIA
1150 880 48
IONIAN ISLANDS
1400 350 64
THESSALY
1540 180 48
Mt. Olimp
1500 650 64
AITOLIA
1600 1000 64
ARKADIA
1650 100 64
MACEDONIA
1700 1250 64
LAKONIA
1900 250 48
CHALCIDICE
1930 920 64
ATTICA
2050 800 48
EUBOIA
2070 450 96
AEGEAN SEA
2200 1500 64
SEA OF CRETE
2250 1800 72
CRETA
2320 180 64
THRACIAN SEA
2500 30 64
THRACE
2500 660 48
LESBOS
2500 880 48
CHIOS
2900 850 96
IONIA
3000 450 96
MYSIA
3120 1550 48
RHODES
3200 1150 96
CARIA
3300 750 96
PHRYGIA
3500 300 96
BYTHINIA
3600 1250 96
LYCIA
654 71 71
541 53 53
466 35 35
422 25 25
883 159 159
701 152 33
745 33 33
1043 49 49
1059 226 32
1055 114 26
1052 149 17
1043 180 14
444 369 119
396 241 25
333 436 25
577 305 46
623 556 156
594 377 43
656 390 29
783 319 38
781 383 38
734 420 30
698 401 24
867 377 84
1027 287 47
967 333 45
1059 391 86
937 610 173
787 461 53
962 408 40
1166 408 31
1108 500 40
1135 569 40
1177 665 82
818 1449 551
1117 855 141
755 797 132
926 843 86
397 965 110
558 819 146
413 758 44
287 1108 94
149 1099 85
225 1214 100
187 1408 100
48 1486 78
193 1607 121
148 1852 148
47 1588 47
62 1696 62
295 1735 62
345 1838 78
450 1923 78
325 1967 78
1572 1722 269
1267 1899 101
1463 1372 114
1409 1183 106
1253 1020 93
1923 1759 93
1599 1419 47
1292 700 58
1235 752 38
1280 789 46
1267 633 33
1281 856 33
1257 905 27
1326 828 27
1255 583 22
1236 551 22
1227 513 22
1236 485 16
1210 486 21
1177 550 16
1210 546 17
1188 477 17
1201 461 8
1202 444 13
1202 421 13
1156 364 18
3770 1770 230
3326 1736 263
2323 1533 155
2082 1395 138
1830 1395 36
1695 1390 58
1671 1318 25
1681 1288 14
2131 1575 58
2240 1341 33
2253 1383 16
2212 1282 42
2145 1189 85
2011 1231 63
2043 1561 43
2132 1673 44
2187 1643 35
1731 1466 35
1528 1244 35
1543 1183 35
1958 1303 35
1932 1248 35
1901 1202 35
1877 1155 27
1525 1131 27
1471 1071 27
1498 1105 21
1293 1126 30
1328 1099 25
1348 1077 20
1462 951 53
1409 881 53
1355 713 22
1459 696 19
1425 691 19
1389 694 19
1402 992 35
1432 1060 24
1428 1026 20
1356 991 20
1552 913 20
1582 911 20
1601 900 12
1617 896 9
1626 886 9
1640 883 9
1656 882 12
1671 886 12
1516 897 27
1742 914 27
1689 890 12
1710 901 14
1786 925 27
1832 939 27
1867 965 27
1901 949 16
1930 951 16
1826 902 16
1781 888 16
1670 1453 39
1786 1508 39
1827 1453 39
1867 1431 27
2075 1629 37
1994 1629 65
1887 1622 65
1976 1526 53
1836 1538 53
1925 1478 25
1897 1453 25
1865 1478 25
1932 1576 25
2043 1684 33
2242 1702 58
2321 1714 39
2097 1093 39
2055 1123 39
2053 1175 27
2003 1098 27
2062 1063 27
1975 1070 27
2002 1056 19
2029 1045 19
2054 1024 19
1950 1036 19
1981 1033 19
2034 1001 19
1995 1016 15
2010 1005 15
2191 1093 30
2198 1026 40
2248 1053 47
2175 975 30
1871 1916 84
2031 1904 96
2193 1913 87
2302 1952 48
2292 1885 30
2383 1948 49
2473 1940 55
2401 1707 55
2553 1659 116
2809 1883 116
2570 1939 57
2660 1939 57
2706 1733 71
2620 1780 39
2740 1557 119
2992 1816 98
2829 1712 65
3014 1672 65
2930 1551 93
2586 1481 76
2714 747 45
2288 1288 47
2345 1341 43
2365 1265 43
2869 1438 61
2552 1378 46
2445 1417 36
2499 1526 36
2506 1413 36
2408 1324 36
2469 1325 31
2506 1358 31
2795 1426 31
2857 1637 31
2882 1780 31
2451 1752 31
2949 1705 31
2641 1387 55
2717 1328 55
2799 1370 45
2799 1297 45
2631 1299 45
3025 1465 45
2992 1413 35
2930 1386 42
3217 1389 54
3305 1428 54
3233 1464 38
3189 1492 29
2558 1305 37
2517 1323 25
2737 1241 47
2675 1258 32
2471 931 123
2458 691 123
2255 528 159
2038 568 71
1959 465 71
2140 717 71
2284 855 88
2693 1004 88
2573 1068 60
2595 993 24
2594 879 24
2595 1216 66
2623 744 66
2846 1155 66
2677 1201 32
2389 814 32
2314 700 32
2351 774 32
2332 736 32
2203 787 32
2231 757 32
2229 704 32
2106 631 32
2327 958 32
2302 986 18
2299 1369 18
2438 1378 14
2437 1354 14
2382 1372 25
2235 1227 25
2310 1206 48
2492 1091 48
2534 1148 38
2585 1137 25
2431 1067 25
2285 1123 50
2413 1194 50
2499 1200 42
2552 806 42
2066 475 44
1927 357 50
1890 413 22
1866 386 22
1854 345 33
1883 304 25
1851 299 18
1859 267 24
1870 243 16
1887 232 16
2175 937 16
2165 916 14
2145 897 19
2118 888 14
2098 885 11
2080 882 11
2066 874 9
2057 864 6
2053 855 6
2050 842 11
2032 832 15
2005 817 22
2057 744 22
2043 696 34
2035 650 17
2007 646 17
2014 668 13
1989 667 16
1990 790 13
1967 775 19
1943 756 19
1944 785 11
1852 741 11
1835 738 9
1911 751 18
1880 744 21
1819 733 10
1967 673 10
1950 683 13
2002 688 13
1958 544 17
1979 386 17
1835 382 17
2034 430 17
1886 628 17
1907 611 18
1930 624 18
1908 642 18
1935 692 10
1923 704 10
1913 714 8
1901 724 11
1934 680 11
1916 669 13
1916 669 13
1945 642 11
1927 650 11
2108 431 21
2092 399 21
2062 365 30
2025 337 21
2170 365 28
2146 328 26
2108 312 26
2210 364 16
2605 961 16
2351 990 16
2285 1011 19
2335 1154 19
2462 1236 19
2460 1261 14
2460 1285 20
2400 1045 20
2448 1141 23
2717 1168 37
2893 1019 33
2841 1007 36
2794 972 28
2767 1127 43
2712 1108 29
2662 1160 29
2295 1051 29
2393 1129 23
2621 1152 23
2353 1111 32
2327 1071 24
3149 1411 24
2948 1209 30
2797 1211 30
2905 1208 28
2872 1237 28
2851 1327 28
3113 1421 22
3079 1439 22
3027 1566 22
2958 1344 22
2891 1305 22
2895 1266 22
2913 1241 22
2989 1316 31
3100 1382 26
3078 1626 26
3036 1308 26
3075 1302 26
3145 1281 18
3112 1284 21
2960 1314 21
1940 1300 15
2917 1293 15
2839 1259 18
2672 1445 22
2757 1419 27
3031 1387 22
3052 1369 14
3069 1369 14
3111 1354 14
3097 1332 14
2972 1237 14
2985 1215 14
2794 1013 23
2892 1053 23
2863 1087 12
2873 1074 12
2841 1045 12
2863 1040 15
2783 940 15
2741 1084 15
2639 1083 15
2687 1133 15
2778 1179 15
2794 1244 15
2884 1371 15
2870 1357 10
2743 1384 19
2702 1389 19
2725 1433 15
2702 1444 15
2542 1263 15
2398 1068 15
2377 1080 12
2656 914 16
2676 820 30
2701 870 30
2665 859 15
2671 889 18
1351 858 19
1356 814 14
1370 806 14
1384 822 14
1425 822 14
1389 799 14
1412 803 14
84 1404 22
80 1160 34
108 1194 24
1143 1948 54
554 1970 54
1394 1492 54
1287 1772 54
1382 1958 54
1768 1958 54
2939 1943 54
3070 1948 85
3553 1966 85
3583 1588 56
3953 1956 47
2336 312 94
2454 520 61
2220 240 61
2383 183 61
2473 187 61
2436 261 45
2480 329 61
2551 547 61
2527 432 61
2570 206 53
2607 396 39
2561 288 39
2641 240 39
2601 271 26
2627 344 30
2640 297 30
2693 228 30
2586 482 30
2620 579 30
2760 787 30
2788 826 30
2779 731 41
2773 674 33
2755 625 25
2735 591 25
2706 563 21
2678 562 21
2654 571 21
2759 563 36
2806 537 25
2154 208 25
2112 190 25
2143 243 25
2245 167 25
2264 144 25
2324 153 19
2296 149 16
2228 1143 16
2250 1204 16
2649 377 16
2674 371 16
2690 357 16
2703 334 16
2724 316 16
2741 295 16
2756 277 16
2773 259 16
2732 224 16
2757 218 16
2782 212 16
2785 234 16
2801 250 16
2825 256 16
2850 232 30
2892 217 30
2959 242 47
2929 187 26
2996 157 61
3101 126 61
3069 201 33
3124 219 36
3210 157 78
3291 97 35
3306 151 35
3164 237 20
3352 145 26
3195 242 19
